#                                                       name    diameter     d_sig      d_low      d_up    d_low3sig   d_up3sig       pv       pv_sig     pv_low     pv_up   pv_low3sig  pv_up3sig     eta      eta_sig    eta_low     eta_up  eta_low3sig eta_up3sig   sslat    sslat_sig  sslat_low   sslat_up   geodist   heliodist     alpha     absmag   absmag_err  slopepar slopepar_err reflratio refl_error  lambda    flux_raw    fluxerr     flux      colcorr chi2_red flags_notes
                                       2201_Oljato_(1947_XC)     2.46777    0.00000    0.00000    0.00000    0.00000    0.00000    0.15647    0.00000    0.00000    0.00000    0.00000    0.00000    1.26611    0.00000    0.00000    0.00000    0.00000    0.00000    0.00000    0.00000    0.00000    0.00000    1.31429    1.56799   39.61100   15.67000    0.22000    0.15000    0.00000    0.08375    0.30000    4.49300    0.43586    0.02931    0.39936    1.00000 0.00000e+00 NEATM(fixed_eta)
                                          137108_(1999_AN10)     0.52680    0.00000    0.00000    0.00000    0.00000    0.00000    0.31605    0.00000    0.00000    0.00000    0.00000    0.00000    1.23820    0.00000    0.00000    0.00000    0.00000    0.00000    0.00000    0.00000    0.00000    0.00000    0.71877    1.48341   36.82000   18.26000    0.22000    0.15000    0.00000    0.15223    0.30000    4.49300    0.08858    0.00985    0.07510    1.00000 0.00000e+00 NEATM(fixed_eta)
                                         506425_(2000_DQ110)     4.90498    0.00000    0.00000    0.00000    0.00000    0.00000    0.01252    0.00000    0.00000    0.00000    0.00000    0.00000    1.37179    0.00000    0.00000    0.00000    0.00000    0.00000    0.00000    0.00000    0.00000    0.00000    0.95555    1.29867   50.17900   16.92000    0.22000    0.15000    0.00000    0.00374    0.30000    4.49300    6.49454    0.33394    6.47028    1.00000 0.00000e+00 NEATM(fixed_eta)
                                                 (2000_RN12)     0.73463    0.00000    0.00000    0.00000    0.00000    0.00000    0.03012    0.00000    0.00000    0.00000    0.00000    0.00000    1.36284    0.00000    0.00000    0.00000    0.00000    0.00000    0.00000    0.00000    0.00000    0.00000    0.35595    1.20016   49.28400   20.09000    0.22000    0.15000    0.00000    0.00714    0.30000    4.49300    1.58252    0.08710    1.57122    1.00000 0.00000e+00 NEATM(fixed_eta)
                                           452376_(2002_AC5)     0.24443    0.00000    0.00000    0.00000    0.00000    0.00000    0.25047    0.00000    0.00000    0.00000    0.00000    0.00000    1.69217    0.00000    0.00000    0.00000    0.00000    0.00000    0.00000    0.00000    0.00000    0.00000    0.21989    1.01110   82.21700   20.18000    0.22000    0.15000    0.00000    0.06278    0.30000    4.49300    0.23602    0.01862    0.22120    1.00000 0.00000e+00 NEATM(fixed_eta)
                                                   (2002_LW)     0.07871    0.00000    0.00000    0.00000    0.00000    0.00000    0.21625    0.00000    0.00000    0.00000    0.00000    0.00000    1.67020    0.00000    0.00000    0.00000    0.00000    0.00000    0.00000    0.00000    0.00000    0.00000    0.15569    1.02019   80.02000   22.80000    0.30000    0.15000    0.00000    0.05262    0.30000    4.49300    0.05318    0.00730    0.05038    1.00000 0.00000e+00 NEATM(fixed_eta)
                                    99942_Apophis_(2004_MN4)     0.38443    0.00000    0.00000    0.00000    0.00000    0.00000    0.24514    0.00000    0.00000    0.00000    0.00000    0.00000    1.52803    0.00000    0.00000    0.00000    0.00000    0.00000    0.00000    0.00000    0.00000    0.00000    0.07483    1.03450   65.80300   19.22000    0.22000    0.15000    0.00000    0.05344    0.30000    4.49300    9.19916    0.46907    8.70754    1.00000 0.00000e+00 NEATM(fixed_eta)
                                           340048_(2005_VT5)     0.32836    0.00000    0.00000    0.00000    0.00000    0.00000    0.28206    0.00000    0.00000    0.00000    0.00000    0.00000    1.33228    0.00000    0.00000    0.00000    0.00000    0.00000    0.00000    0.00000    0.00000    0.00000    0.61700    1.32790   46.22800   19.41000    0.22000    0.15000    0.00000    0.10417    0.30000    4.49300    0.05972    0.00779    0.05350    1.00000 0.00000e+00 NEATM(fixed_eta)
                                            378358_(2007_LD)     0.31361    0.00000    0.00000    0.00000    0.00000    0.00000    0.33595    0.00000    0.00000    0.00000    0.00000    0.00000    1.29168    0.00000    0.00000    0.00000    0.00000    0.00000    0.00000    0.00000    0.00000    0.00000    0.78171    1.43632   42.16800   19.32000    0.22000    0.15000    0.00000    0.15534    0.30000    4.49300    0.02571    0.00487    0.02172    1.00000 0.00000e+00 NEATM(fixed_eta)
                                                 (2007_TL23)     0.13540    0.00000    0.00000    0.00000    0.00000    0.00000    0.20128    0.00000    0.00000    0.00000    0.00000    0.00000    1.44797    0.00000    0.00000    0.00000    0.00000    0.00000    0.00000    0.00000    0.00000    0.00000    0.20134    1.09824   57.79700   21.70000    0.30000    0.15000    0.00000    0.04585    0.30000    4.49300    0.16694    0.01462    0.15928    1.00000 0.00000e+00 NEATM(fixed_eta)
                                                  (2010_WQ7)     0.80170    0.00000    0.00000    0.00000    0.00000    0.00000    0.10448    0.00000    0.00000    0.00000    0.00000    0.00000    1.31547    0.00000    0.00000    0.00000    0.00000    0.00000    0.00000    0.00000    0.00000    0.00000    0.51275    1.30404   44.54700   18.55000    0.22000    0.15000    0.00000    0.03184    0.30000    4.49300    0.67631    0.04164    0.65478    1.00000 0.00000e+00 NEATM(fixed_eta)
